0 0.4820846905537459 0.6197068403908795 0.11319218241042345 0.20358306188925082
0 0.2785016286644951 0.48941368078175895 0.06921824104234528 0.2003257328990228
0 0.7060260586319218 0.5162866449511401 0.11563517915309446 0.16775244299674266
0 0.8298045602605864 0.41286644951140067 0.08957654723127036 0.11807817589576547
0 0.19218241042345277 0.4177524429967427 0.05618892508143322 0.16449511400651465
0 0.048859934853420196 0.30863192182410426 0.08224755700325732 0.16775244299674266
0 0.4153094462540717 0.3265472312703583 0.10260586319218241 0.16042345276872963
0 0.6579804560260586 0.3338762214983713 0.11563517915309446 0.16775244299674266
0 0.5203583061889251 0.31433224755700323 0.06677524429967427 0.12133550488599348
0 0.252442996742671 0.3265472312703583 0.09527687296416938 0.10342019543973942
0 0.9193811074918566 0.36807817589576547 0.06433224755700326 0.12866449511400652
0 0.7768729641693811 0.3338762214983713 0.06188925081433225 0.11807817589576547
0 0.8574918566775245 0.31596091205211724 0.06433224755700326 0.1254071661237785
0 0.48697068403908794 0.40879478827361565 0.06677524429967427 0.13192182410423453
0 0.13355048859934854 0.3802931596091205 0.05130293159609121 0.1465798045602606