0 0.8908794788273615 0.5700325732899023 0.0724755700325733 0.1750814332247557
0 0.8078175895765473 0.5480456026058632 0.0724755700325733 0.1750814332247557
0 0.7198697068403909 0.5553745928338762 0.0724755700325733 0.1750814332247557
0 0.6343648208469055 0.5480456026058632 0.0724755700325733 0.1750814332247557
0 0.5561889250814332 0.5521172638436482 0.0724755700325733 0.1750814332247557
0 0.4763843648208469 0.5586319218241043 0.0724755700325733 0.1750814332247557
0 0.40798045602605865 0.5586319218241043 0.0724755700325733 0.1750814332247557
0 0.34201954397394135 0.5464169381107492 0.08061889250814332 0.16449511400651465
0 0.26221498371335505 0.5480456026058632 0.08306188925081433 0.18892508143322476
0 0.18729641693811075 0.5586319218241043 0.08306188925081433 0.18892508143322476
0 0.13925081433224756 0.5586319218241043 0.08306188925081433 0.18892508143322476