0 0.10912052117263844 0.5700325732899023 0.0724755700325733 0.1750814332247557
0 0.19218241042345277 0.5480456026058632 0.0724755700325733 0.1750814332247557
0 0.28013029315960913 0.5553745928338762 0.0724755700325733 0.1750814332247557
0 0.36563517915309446 0.5480456026058632 0.0724755700325733 0.1750814332247557
0 0.44381107491856675 0.5521172638436482 0.0724755700325733 0.1750814332247557
0 0.5236156351791531 0.5586319218241043 0.0724755700325733 0.1750814332247557
0 0.5920195439739414 0.5586319218241043 0.0724755700325733 0.1750814332247557
0 0.6579804560260586 0.5464169381107492 0.08061889250814332 0.16449511400651465
0 0.737785016286645 0.5480456026058632 0.08306188925081433 0.18892508143322476
0 0.8127035830618893 0.5586319218241043 0.08306188925081433 0.18892508143322476
0 0.8607491856677525 0.5586319218241043 0.08306188925081433 0.18892508143322476