0 0.7027687296416938 0.2980456026058632 0.06677524429967427 0.08224755700325732
0 0.6099348534201955 0.38762214983713356 0.05618892508143322 0.0749185667752443
0 0.6693811074918566 0.4519543973941368 0.05618892508143322 0.0749185667752443
0 0.8078175895765473 0.5268729641693811 0.05618892508143322 0.0749185667752443
0 0.4592833876221498 0.4193811074918567 0.05618892508143322 0.0749185667752443
0 0.504885993485342 0.32003257328990226 0.05618892508143322 0.0749185667752443
0 0.44136807817589574 0.23371335504885993 0.06188925081433225 0.08224755700325732
0 0.36644951140065146 0.3550488599348534 0.06188925081433225 0.08224755700325732
0 0.3306188925081433 0.2947882736156352 0.06188925081433225 0.08224755700325732
0 0.26140065146579805 0.21254071661237786 0.06188925081433225 0.08224755700325732
0 0.1767100977198697 0.31596091205211724 0.06188925081433225 0.08224755700325732
0 0.2255700325732899 0.4234527687296417 0.06188925081433225 0.08224755700325732
0 0.05374592833876222 0.3949511400651466 0.06188925081433225 0.08224755700325732
0 0.03175895765472313 0.30537459283387625 0.05863192182410423 0.08224755700325732
0 0.1457654723127036 0.255700325732899 0.06188925081433225 0.08224755700325732
0 0.9690553745928339 0.8053745928338762 0.06188925081433225 0.08224755700325732