0 0.2972312703583062 0.2980456026058632 0.06677524429967427 0.08224755700325732
0 0.39006514657980457 0.38762214983713356 0.05618892508143322 0.0749185667752443
0 0.3306188925081433 0.4519543973941368 0.05618892508143322 0.0749185667752443
0 0.19218241042345277 0.5268729641693811 0.05618892508143322 0.0749185667752443
0 0.5407166123778502 0.4193811074918567 0.05618892508143322 0.0749185667752443
0 0.495114006514658 0.32003257328990226 0.05618892508143322 0.0749185667752443
0 0.5586319218241043 0.23371335504885993 0.06188925081433225 0.08224755700325732
0 0.6335504885993485 0.3550488599348534 0.06188925081433225 0.08224755700325732
0 0.6693811074918566 0.2947882736156352 0.06188925081433225 0.08224755700325732
0 0.738599348534202 0.21254071661237786 0.06188925081433225 0.08224755700325732
0 0.8232899022801303 0.31596091205211724 0.06188925081433225 0.08224755700325732
0 0.7744299674267101 0.4234527687296417 0.06188925081433225 0.08224755700325732
0 0.9462540716612378 0.3949511400651466 0.06188925081433225 0.08224755700325732
0 0.9682410423452769 0.30537459283387625 0.05863192182410423 0.08224755700325732
0 0.8542345276872965 0.255700325732899 0.06188925081433225 0.08224755700325732
0 0.030944625407166124 0.8053745928338762 0.06188925081433225 0.08224755700325732