0 0.504071661237785 0.5146579804560261 0.1001628664495114 0.13599348534201955
0 0.7320846905537459 0.5895765472312704 0.1001628664495114 0.13599348534201955
0 0.9014657980456026 0.48941368078175895 0.1001628664495114 0.13599348534201955
0 0.2988599348534202 0.5537459283387622 0.1001628664495114 0.13599348534201955
0 0.12947882736156352 0.5358306188925082 0.1001628664495114 0.13599348534201955
0 0.13436482084690554 0.25732899022801303 0.1001628664495114 0.13599348534201955
0 0.1758957654723127 0.1254071661237785 0.1001628664495114 0.13599348534201955
0 0.24511400651465798 0.3322475570032573 0.1001628664495114 0.13599348534201955
0 0.36400651465798045 0.28175895765472314 0.11807817589576547 0.16449511400651465
0 0.5757328990228013 0.23778501628664495 0.10993485342019543 0.20358306188925082
0 0.760586319218241 0.1978827361563518 0.10993485342019543 0.20358306188925082