0 0.28827361563517917 0.44299674267100975 0.05374592833876222 0.12866449511400652
0 0.508957654723127 0.42671009771986973 0.05863192182410423 0.1465798045602606
0 0.7117263843648208 0.44788273615635177 0.06921824104234528 0.11074918566775244
0 0.9242671009771987 0.494299674267101 0.06921824104234528 0.11074918566775244
0 0.7182410423452769 0.08550488599348534 0.09201954397394137 0.14250814332247558
0 0.3925081433224756 0.1001628664495114 0.09201954397394137 0.14250814332247558
0 0.1742671009771987 0.09283387622149837 0.09201954397394137 0.14250814332247558
0 0.046416938110749185 0.4609120521172638 0.09201954397394137 0.14250814332247558
0 0.254071661237785 0.7752442996742671 0.09201954397394137 0.14250814332247558
0 0.4820846905537459 0.8460912052117264 0.09201954397394137 0.14250814332247558
0 0.6693811074918566 0.8355048859934854 0.09201954397394137 0.14250814332247558
0 0.8436482084690554 0.8395765472312704 0.09201954397394137 0.14250814332247558
0 0.9462540716612378 0.08550488599348534 0.09201954397394137 0.14250814332247558