0 0.43485342019543977 0.6376221498371335 0.06921824104234528 0.20358306188925082
0 0.20276872964169382 0.510586319218241 0.07166123778501629 0.2003257328990228
0 0.2939739413680782 0.3786644951140065 0.06921824104234528 0.2003257328990228
0 0.2255700325732899 0.23371335504885993 0.07166123778501629 0.20358306188925082
0 0.04478827361563518 0.3281758957654723 0.06921824104234528 0.2003257328990228
0 0.10423452768729642 0.6449511400651465 0.06921824104234528 0.20358306188925082
0 0.506514657980456 0.46986970684039087 0.06921824104234528 0.20358306188925082
0 0.5293159609120521 0.36400651465798045 0.05374592833876222 0.13599348534201955
0 0.38355048859934854 0.22149837133550487 0.05374592833876222 0.13599348534201955
0 0.5578175895765473 0.22312703583061888 0.05374592833876222 0.13192182410423453
0 0.7214983713355049 0.26465798045602607 0.05374592833876222 0.13599348534201955
0 0.7271986970684039 0.496742671009772 0.05374592833876222 0.13599348534201955
0 0.7206840390879479 0.6392508143322475 0.05130293159609121 0.15716612377850162
0 0.9511400651465798 0.6254071661237784 0.05130293159609121 0.15716612377850162
0 0.9413680781758957 0.503257328990228 0.05130293159609121 0.15716612377850162
0 0.9047231270358306 0.3802931596091205 0.05130293159609121 0.16042345276872963