0 0.13436482084690554 0.11074918566775244 0.0985342019543974 0.09283387622149837
0 0.30537459283387625 0.09283387622149837 0.0985342019543974 0.09283387622149837
0 0.4763843648208469 0.09283387622149837 0.0985342019543974 0.09283387622149837
0 0.6840390879478827 0.09609120521172639 0.08550488599348534 0.1001628664495114
0 0.8802931596091205 0.08957654723127036 0.08550488599348534 0.1001628664495114
0 0.8802931596091205 0.3338762214983713 0.09364820846905537 0.1465798045602606
0 0.6840390879478827 0.32003257328990226 0.09364820846905537 0.1465798045602606
0 0.5 0.34120521172638435 0.09364820846905537 0.1465798045602606
0 0.2947882736156352 0.3306188925081433 0.09364820846905537 0.1465798045602606
0 0.14087947882736157 0.3265472312703583 0.09364820846905537 0.1465798045602606
0 0.11563517915309446 0.5480456026058632 0.09364820846905537 0.1465798045602606
0 0.30781758957654726 0.5627035830618893 0.09364820846905537 0.1465798045602606
0 0.4828990228013029 0.5659609120521173 0.09364820846905537 0.1465798045602606
0 0.6791530944625407 0.5659609120521173 0.09364820846905537 0.1465798045602606
0 0.8672638436482085 0.5806188925081434 0.09364820846905537 0.1465798045602606
0 0.8802931596091205 0.7874592833876222 0.09364820846905537 0.1465798045602606
0 0.6669381107491856 0.7980456026058632 0.09364820846905537 0.1465798045602606
0 0.4747557003257329 0.7907166123778502 0.09364820846905537 0.1465798045602606
0 0.28175895765472314 0.7907166123778502 0.09364820846905537 0.1465798045602606
0 0.10667752442996743 0.7907166123778502 0.09364820846905537 0.1465798045602606