0 0.8485342019543974 0.6270358306188925 0.06677524429967427 0.2182410423452769
0 0.7280130293159609 0.7353420195439739 0.06677524429967427 0.21416938110749187
0 0.5627035830618893 0.737785016286645 0.06433224755700326 0.2182410423452769
0 0.42915309446254074 0.744299674267101 0.06433224755700326 0.2182410423452769
0 0.26302931596091206 0.7263843648208469 0.06433224755700326 0.2182410423452769
0 0.1490228013029316 0.6270358306188925 0.06677524429967427 0.2182410423452769
0 0.02687296416938111 0.751628664495114 0.043973941368078175 0.16042345276872963
0 0.07654723127035831 0.6449511400651465 0.046416938110749185 0.16042345276872963
0 0.02280130293159609 0.5374592833876222 0.04071661237785016 0.16042345276872963
0 0.44462540716612375 0.5610749185667753 0.043973941368078175 0.15716612377850162
0 0.5399022801302932 0.5700325732899023 0.043973941368078175 0.16042345276872963
0 0.9706840390879479 0.7288273615635179 0.043973941368078175 0.15716612377850162
0 0.9193811074918566 0.6074918566775245 0.033387622149837134 0.12133550488599348
0 0.9714983713355049 0.5146579804560261 0.030944625407166124 0.12133550488599348
0 0.6783387622149837 0.5912052117263844 0.033387622149837134 0.1254071661237785
0 0.6449511400651465 0.7304560260586319 0.033387622149837134 0.1254071661237785
0 0.495114006514658 0.6913680781758957 0.030944625407166124 0.1254071661237785
0 0.34201954397394135 0.7141693811074918 0.033387622149837134 0.12133550488599348
0 0.31433224755700323 0.5912052117263844 0.033387622149837134 0.1254071661237785
0 0.21172638436482086 0.5838762214983714 0.033387622149837134 0.1254071661237785