0 0.5651465798045603 0.6376221498371335 0.06921824104234528 0.20358306188925082
0 0.7972312703583062 0.510586319218241 0.07166123778501629 0.2003257328990228
0 0.7060260586319218 0.3786644951140065 0.06921824104234528 0.2003257328990228
0 0.7744299674267101 0.23371335504885993 0.07166123778501629 0.20358306188925082
0 0.9552117263843648 0.3281758957654723 0.06921824104234528 0.2003257328990228
0 0.8957654723127035 0.6449511400651465 0.06921824104234528 0.20358306188925082
0 0.49348534201954397 0.46986970684039087 0.06921824104234528 0.20358306188925082
0 0.47068403908794787 0.36400651465798045 0.05374592833876222 0.13599348534201955
0 0.6164495114006515 0.22149837133550487 0.05374592833876222 0.13599348534201955
0 0.44218241042345274 0.22312703583061888 0.05374592833876222 0.13192182410423453
0 0.2785016286644951 0.26465798045602607 0.05374592833876222 0.13599348534201955
0 0.2728013029315961 0.496742671009772 0.05374592833876222 0.13599348534201955
0 0.27931596091205213 0.6392508143322475 0.05130293159609121 0.15716612377850162
0 0.048859934853420196 0.6254071661237784 0.05130293159609121 0.15716612377850162
0 0.05863192182410423 0.503257328990228 0.05130293159609121 0.15716612377850162
0 0.09527687296416938 0.3802931596091205 0.05130293159609121 0.16042345276872963