0 0.1498371335504886 0.16286644951140064 0.07654723127035831 0.18892508143322476
0 0.28501628664495116 0.16286644951140064 0.07654723127035831 0.18892508143322476
0 0.42996742671009774 0.15879478827361562 0.07654723127035831 0.18892508143322476
0 0.5830618892508144 0.16775244299674266 0.07654723127035831 0.19299674267100977
0 0.7328990228013029 0.19462540716612378 0.07654723127035831 0.18892508143322476
0 0.8623778501628665 0.16775244299674266 0.07654723127035831 0.19299674267100977
0 0.8713355048859935 0.4250814332247557 0.09446254071661238 0.21416938110749187
0 0.7084690553745928 0.43892508143322473 0.1245928338762215 0.20684039087947884
0 0.5447882736156352 0.44625407166123776 0.08143322475570032 0.19299674267100977
0 0.4250814332247557 0.44788273615635177 0.08143322475570032 0.18892508143322476
0 0.28013029315960913 0.44625407166123776 0.08143322475570032 0.19299674267100977
0 0.16530944625407165 0.43892508143322473 0.08143322475570032 0.19299674267100977
0 0.11726384364820847 0.6978827361563518 0.08143322475570032 0.18892508143322476
0 0.2695439739413681 0.7141693811074918 0.08143322475570032 0.19299674267100977
0 0.3998371335504886 0.7068403908794788 0.08143322475570032 0.19299674267100977
0 0.5594462540716613 0.7141693811074918 0.08143322475570032 0.19299674267100977
0 0.7125407166123778 0.7214983713355049 0.08143322475570032 0.19299674267100977
0 0.8754071661237784 0.7304560260586319 0.08631921824104234 0.2182410423452769