0 0.15146579804560262 0.6270358306188925 0.06677524429967427 0.2182410423452769
0 0.2719869706840391 0.7353420195439739 0.06677524429967427 0.21416938110749187
0 0.4372964169381108 0.737785016286645 0.06433224755700326 0.2182410423452769
0 0.5708469055374593 0.744299674267101 0.06433224755700326 0.2182410423452769
0 0.7369706840390879 0.7263843648208469 0.06433224755700326 0.2182410423452769
0 0.8509771986970684 0.6270358306188925 0.06677524429967427 0.2182410423452769
0 0.9731270358306189 0.751628664495114 0.043973941368078175 0.16042345276872963
0 0.9234527687296417 0.6449511400651465 0.046416938110749185 0.16042345276872963
0 0.9771986970684039 0.5374592833876222 0.04071661237785016 0.16042345276872963
0 0.5553745928338762 0.5610749185667753 0.043973941368078175 0.15716612377850162
0 0.4600977198697068 0.5700325732899023 0.043973941368078175 0.16042345276872963
0 0.029315960912052116 0.7288273615635179 0.043973941368078175 0.15716612377850162
0 0.08061889250814332 0.6074918566775245 0.033387622149837134 0.12133550488599348
0 0.028501628664495113 0.5146579804560261 0.030944625407166124 0.12133550488599348
0 0.32166123778501626 0.5912052117263844 0.033387622149837134 0.1254071661237785
0 0.3550488599348534 0.7304560260586319 0.033387622149837134 0.1254071661237785
0 0.504885993485342 0.6913680781758957 0.030944625407166124 0.1254071661237785
0 0.6579804560260586 0.7141693811074918 0.033387622149837134 0.12133550488599348
0 0.6856677524429967 0.5912052117263844 0.033387622149837134 0.1254071661237785
0 0.7882736156351792 0.5838762214983714 0.033387622149837134 0.1254071661237785