0 0.8501628664495114 0.16286644951140064 0.07654723127035831 0.18892508143322476
0 0.7149837133550488 0.16286644951140064 0.07654723127035831 0.18892508143322476
0 0.5700325732899023 0.15879478827361562 0.07654723127035831 0.18892508143322476
0 0.4169381107491857 0.16775244299674266 0.07654723127035831 0.19299674267100977
0 0.2671009771986971 0.19462540716612378 0.07654723127035831 0.18892508143322476
0 0.13762214983713356 0.16775244299674266 0.07654723127035831 0.19299674267100977
0 0.12866449511400652 0.4250814332247557 0.09446254071661238 0.21416938110749187
0 0.2915309446254072 0.43892508143322473 0.1245928338762215 0.20684039087947884
0 0.4552117263843648 0.44625407166123776 0.08143322475570032 0.19299674267100977
0 0.5749185667752443 0.44788273615635177 0.08143322475570032 0.18892508143322476
0 0.7198697068403909 0.44625407166123776 0.08143322475570032 0.19299674267100977
0 0.8346905537459284 0.43892508143322473 0.08143322475570032 0.19299674267100977
0 0.8827361563517915 0.6978827361563518 0.08143322475570032 0.18892508143322476
0 0.7304560260586319 0.7141693811074918 0.08143322475570032 0.19299674267100977
0 0.6001628664495114 0.7068403908794788 0.08143322475570032 0.19299674267100977
0 0.44055374592833874 0.7141693811074918 0.08143322475570032 0.19299674267100977
0 0.28745928338762217 0.7214983713355049 0.08143322475570032 0.19299674267100977
0 0.1245928338762215 0.7304560260586319 0.08631921824104234 0.2182410423452769