0 0.8656351791530945 0.11074918566775244 0.0985342019543974 0.09283387622149837
0 0.6946254071661238 0.09283387622149837 0.0985342019543974 0.09283387622149837
0 0.5236156351791531 0.09283387622149837 0.0985342019543974 0.09283387622149837
0 0.31596091205211724 0.09609120521172639 0.08550488599348534 0.1001628664495114
0 0.11970684039087948 0.08957654723127036 0.08550488599348534 0.1001628664495114
0 0.11970684039087948 0.3338762214983713 0.09364820846905537 0.1465798045602606
0 0.31596091205211724 0.32003257328990226 0.09364820846905537 0.1465798045602606
0 0.5 0.34120521172638435 0.09364820846905537 0.1465798045602606
0 0.7052117263843648 0.3306188925081433 0.09364820846905537 0.1465798045602606
0 0.8591205211726385 0.3265472312703583 0.09364820846905537 0.1465798045602606
0 0.8843648208469055 0.5480456026058632 0.09364820846905537 0.1465798045602606
0 0.6921824104234527 0.5627035830618893 0.09364820846905537 0.1465798045602606
0 0.5171009771986971 0.5659609120521173 0.09364820846905537 0.1465798045602606
0 0.32084690553745926 0.5659609120521173 0.09364820846905537 0.1465798045602606
0 0.13273615635179153 0.5806188925081434 0.09364820846905537 0.1465798045602606
0 0.11970684039087948 0.7874592833876222 0.09364820846905537 0.1465798045602606
0 0.3330618892508143 0.7980456026058632 0.09364820846905537 0.1465798045602606
0 0.5252442996742671 0.7907166123778502 0.09364820846905537 0.1465798045602606
0 0.7182410423452769 0.7907166123778502 0.09364820846905537 0.1465798045602606
0 0.8933224755700325 0.7907166123778502 0.09364820846905537 0.1465798045602606