0 0.7117263843648208 0.44299674267100975 0.05374592833876222 0.12866449511400652
0 0.49104234527687296 0.42671009771986973 0.05863192182410423 0.1465798045602606
0 0.28827361563517917 0.44788273615635177 0.06921824104234528 0.11074918566775244
0 0.07573289902280131 0.494299674267101 0.06921824104234528 0.11074918566775244
0 0.28175895765472314 0.08550488599348534 0.09201954397394137 0.14250814332247558
0 0.6074918566775245 0.1001628664495114 0.09201954397394137 0.14250814332247558
0 0.8257328990228013 0.09283387622149837 0.09201954397394137 0.14250814332247558
0 0.9535830618892508 0.4609120521172638 0.09201954397394137 0.14250814332247558
0 0.745928338762215 0.7752442996742671 0.09201954397394137 0.14250814332247558
0 0.5179153094462541 0.8460912052117264 0.09201954397394137 0.14250814332247558
0 0.3306188925081433 0.8355048859934854 0.09201954397394137 0.14250814332247558
0 0.1563517915309446 0.8395765472312704 0.09201954397394137 0.14250814332247558
0 0.05374592833876222 0.08550488599348534 0.09201954397394137 0.14250814332247558