0 0.495928338762215 0.5146579804560261 0.1001628664495114 0.13599348534201955
0 0.2679153094462541 0.5895765472312704 0.1001628664495114 0.13599348534201955
0 0.0985342019543974 0.48941368078175895 0.1001628664495114 0.13599348534201955
0 0.7011400651465798 0.5537459283387622 0.1001628664495114 0.13599348534201955
0 0.8705211726384365 0.5358306188925082 0.1001628664495114 0.13599348534201955
0 0.8656351791530945 0.25732899022801303 0.1001628664495114 0.13599348534201955
0 0.8241042345276873 0.1254071661237785 0.1001628664495114 0.13599348534201955
0 0.754885993485342 0.3322475570032573 0.1001628664495114 0.13599348534201955
0 0.6359934853420195 0.28175895765472314 0.11807817589576547 0.16449511400651465
0 0.4242671009771987 0.23778501628664495 0.10993485342019543 0.20358306188925082
0 0.23941368078175895 0.1978827361563518 0.10993485342019543 0.20358306188925082